0.625
0.500
0.462
0.267
0.533
0.857
0.500
0.438
0.500
0.562
0.667
0.800
0.688
0.615
0.462
0.846
0.769
0.615
0.750
0.562
0.750
0.438
0.500
0.500
0.643
0.600
0.615
0.733
0.562
0.562
0.438
0.562
0.875
0.571
0.562
0.571
0.438
0.688
0.625
0.438
0.500
0.375
0.625
0.571
0.308
0.615
0.500
0.429
0.375
0.500
0.562
0.625
0.562
0.625
0.375
0.714
0.615
0.571
0.615
0.533
0.562
0.438
0.286
0.562
0.571
0.286
0.800
0.643
0.500
0.500
0.562
0.562
0.812
0.500
0.500
0.500
0.571
0.615
0.688
0.625
0.375
0.812
0.562
0.562
0.571
0.571
0.692
0.600
0.875
0.625
0.500
0.500
0.667
0.625
0.500
0.562
0.538
0.625
0.562
0.538
0.533
0.562
